01/01/2000 00:00:00 PST
0 40. ntip
1  nbfr
M2
0.000140525700000 1.0 0.0
1 nope
33 3 3 0 0 
  M2 !elevation
  0.3048  0.00
  0.3048  0.00
  0.3048  0.00
  0.3048  0.00
  0.3048  0.00
  0.3048  0.00
  0.3048  0.00
  0.3048  0.00
  0.3048  0.00
  0.3048  0.00
  0.3048  0.00
  0.3048  0.00
  0.3048  0.00
  0.3048  0.00
  0.3048  0.00
  0.3048  0.00
  0.3048  0.00
  0.3048  0.00
  0.3048  0.00
  0.3048  0.00
  0.3048  0.00
  0.3048  0.00
  0.3048  0.00
  0.3048  0.00
  0.3048  0.00
  0.3048  0.00
  0.3048  0.00
  0.3048  0.00
  0.3048  0.00
  0.3048  0.00
  0.3048  0.00
  0.3048  0.00
  0.3048  0.00
  M2 !vel. I think x and y, amplitude and phase
  0.0   90.00000      0.0   90.00000    
  0.0   90.00000      0.0   90.00000    
  0.0   90.00000      0.0   90.00000    
  0.0   90.00000      0.0   90.00000    
  0.0   90.00000      0.0   90.00000    
  0.0   90.00000      0.0   90.00000    
  0.0   90.00000      0.0   90.00000    
  0.0   90.00000      0.0   90.00000    
  0.0   90.00000      0.0   90.00000    
  0.0   90.00000      0.0   90.00000    
  0.0   90.00000      0.0   90.00000    
  0.0   90.00000      0.0   90.00000    
  0.0   90.00000      0.0   90.00000    
  0.0   90.00000      0.0   90.00000    
  0.0   90.00000      0.0   90.00000    
  0.0   90.00000      0.0   90.00000    
  0.0   90.00000      0.0   90.00000    
  0.0   90.00000      0.0   90.00000    
  0.0   90.00000      0.0   90.00000    
  0.0   90.00000      0.0   90.00000    
  0.0   90.00000      0.0   90.00000    
  0.0   90.00000      0.0   90.00000    
  0.0   90.00000      0.0   90.00000    
  0.0   90.00000      0.0   90.00000    
  0.0   90.00000      0.0   90.00000    
  0.0   90.00000      0.0   90.00000    
  0.0   90.00000      0.0   90.00000    
  0.0   90.00000      0.0   90.00000    
  0.0   90.00000      0.0   90.00000    
  0.0   90.00000      0.0   90.00000    
  0.0   90.00000      0.0   90.00000    
  0.0   90.00000      0.0   90.00000    
  0.0   90.00000      0.0   90.00000    

  !0.1347 90.
