01/01/2000 00:00:00 PST
0 40. ntip
2  nbfr
M2
0.000140525700000 1.0 0.0
ZZ
0.0 1.0 0.0
1 nope
33 3 0 0 0  ! turn off velocity bc at ocean
  M2 !elevation
  0.3048  0.00
  0.3048  0.00
  0.3048  0.00
  0.3048  0.00
  0.3048  0.00
  0.3048  0.00
  0.3048  0.00
  0.3048  0.00
  0.3048  0.00
  0.3048  0.00
  0.3048  0.00
  0.3048  0.00
  0.3048  0.00
  0.3048  0.00
  0.3048  0.00
  0.3048  0.00
  0.3048  0.00
  0.3048  0.00
  0.3048  0.00
  0.3048  0.00
  0.3048  0.00
  0.3048  0.00
  0.3048  0.00
  0.3048  0.00
  0.3048  0.00
  0.3048  0.00
  0.3048  0.00
  0.3048  0.00
  0.3048  0.00
  0.3048  0.00
  0.3048  0.00
  0.3048  0.00
  0.3048  0.00
  ZZ !elevation
  0.9000  0.00
  0.9000  0.00
  0.9000  0.00
  0.9000  0.00
  0.9000  0.00
  0.9000  0.00
  0.9000  0.00
  0.9000  0.00
  0.9000  0.00
  0.9000  0.00
  0.9000  0.00
  0.9000  0.00
  0.9000  0.00
  0.9000  0.00
  0.9000  0.00
  0.9000  0.00
  0.9000  0.00
  0.9000  0.00
  0.9000  0.00
  0.9000  0.00
  0.9000  0.00
  0.9000  0.00
  0.9000  0.00
  0.9000  0.00
  0.9000  0.00
  0.9000  0.00
  0.9000  0.00
  0.9000  0.00
  0.9000  0.00
  0.9000  0.00
  0.9000  0.00
  0.9000  0.00
  0.9000  0.00
