3600 19
10556 0.0831
10557 0.0971
10558 0.1183
10559 0.1353
10560 0.1592
10561 0.1816
10562 0.2010
10563 0.2244
10564 0.2483
10565 0.2795
10566 0.3052
10567 0.3351
10568 0.3716
10569 0.4217
10570 0.4642
61378 0.3604
61379 0.3193
61377 0.3691
61376 0.4418
3900 19
10556 0.0831
10557 0.0971
10558 0.1183
10559 0.1353
10560 0.1592
10561 0.1816
10562 0.2010
10563 0.2244
10564 0.2483
10565 0.2795
10566 0.3052
10567 0.3351
10568 0.3716
10569 0.4217
10570 0.4642
61378 0.3604
61379 0.3193
61377 0.3691
61376 0.4418
4200 19
10556 0.0831
10557 0.0971
10558 0.1183
10559 0.1353
10560 0.1592
10561 0.1816
10562 0.2010
10563 0.2244
10564 0.2483
10565 0.2795
10566 0.3052
10567 0.3351
10568 0.3716
10569 0.4217
10570 0.4642
61378 0.3604
61379 0.3193
61377 0.3691
61376 0.4418
4500 19
10556 0.0831
10557 0.0971
10558 0.1183
10559 0.1353
10560 0.1592
10561 0.1816
10562 0.2010
10563 0.2244
10564 0.2483
10565 0.2795
10566 0.3052
10567 0.3351
10568 0.3716
10569 0.4217
10570 0.4642
61378 0.3604
61379 0.3193
61377 0.3691
61376 0.4418
4800 19
10556 0.0831
10557 0.0971
10558 0.1183
10559 0.1353
10560 0.1592
10561 0.1816
10562 0.2010
10563 0.2244
10564 0.2483
10565 0.2795
10566 0.3052
10567 0.3351
10568 0.3716
10569 0.4217
10570 0.4642
61378 0.3604
61379 0.3193
61377 0.3691
61376 0.4418
5100 19
10556 0.0831
10557 0.0971
10558 0.1183
10559 0.1353
10560 0.1592
10561 0.1816
10562 0.2010
10563 0.2244
10564 0.2483
10565 0.2795
10566 0.3052
10567 0.3351
10568 0.3716
10569 0.4217
10570 0.4642
61378 0.3604
61379 0.3193
61377 0.3691
61376 0.4418
5400 19
10556 0.0831
10557 0.0971
10558 0.1183
10559 0.1353
10560 0.1592
10561 0.1816
10562 0.2010
10563 0.2244
10564 0.2483
10565 0.2795
10566 0.3052
10567 0.3351
10568 0.3716
10569 0.4217
10570 0.4642
61378 0.3604
61379 0.3193
61377 0.3691
61376 0.4418
5700 19
10556 0.0831
10557 0.0971
10558 0.1183
10559 0.1353
10560 0.1592
10561 0.1816
10562 0.2010
10563 0.2244
10564 0.2483
10565 0.2795
10566 0.3052
10567 0.3351
10568 0.3716
10569 0.4217
10570 0.4642
61378 0.3604
61379 0.3193
61377 0.3691
61376 0.4418
6000 19
10556 0.0831
10557 0.0971
10558 0.1183
10559 0.1353
10560 0.1592
10561 0.1816
10562 0.2010
10563 0.2244
10564 0.2483
10565 0.2795
10566 0.3052
10567 0.3351
10568 0.3716
10569 0.4217
10570 0.4642
61378 0.3604
61379 0.3193
61377 0.3691
61376 0.4418
6300 19
10556 0.0831
10557 0.0971
10558 0.1183
10559 0.1353
10560 0.1592
10561 0.1816
10562 0.2010
10563 0.2244
10564 0.2483
10565 0.2795
10566 0.3052
10567 0.3351
10568 0.3716
10569 0.4217
10570 0.4642
61378 0.3604
61379 0.3193
61377 0.3691
61376 0.4418
6600 19
10556 0.0831
10557 0.0971
10558 0.1183
10559 0.1353
10560 0.1592
10561 0.1816
10562 0.2010
10563 0.2244
10564 0.2483
10565 0.2795
10566 0.3052
10567 0.3351
10568 0.3716
10569 0.4217
10570 0.4642
61378 0.3604
61379 0.3193
61377 0.3691
61376 0.4418
6900 19
10556 0.0831
10557 0.0971
10558 0.1183
10559 0.1353
10560 0.1592
10561 0.1816
10562 0.2010
10563 0.2244
10564 0.2483
10565 0.2795
10566 0.3052
10567 0.3351
10568 0.3716
10569 0.4217
10570 0.4642
61378 0.3604
61379 0.3193
61377 0.3691
61376 0.4418
7200 19
10556 0.0831
10557 0.0971
10558 0.1183
10559 0.1353
10560 0.1592
10561 0.1816
10562 0.2010
10563 0.2244
10564 0.2483
10565 0.2795
10566 0.3052
10567 0.3351
10568 0.3716
10569 0.4217
10570 0.4642
61378 0.3604
61379 0.3193
61377 0.3691
61376 0.4418
7500 19
10556 0.0831
10557 0.0971
10558 0.1183
10559 0.1353
10560 0.1592
10561 0.1816
10562 0.2010
10563 0.2244
10564 0.2483
10565 0.2795
10566 0.3052
10567 0.3351
10568 0.3716
10569 0.4217
10570 0.4642
61378 0.3604
61379 0.3193
61377 0.3691
61376 0.4418
7800 19
10556 0.0831
10557 0.0971
10558 0.1183
10559 0.1353
10560 0.1592
10561 0.1816
10562 0.2010
10563 0.2244
10564 0.2483
10565 0.2795
10566 0.3052
10567 0.3351
10568 0.3716
10569 0.4217
10570 0.4642
61378 0.3604
61379 0.3193
61377 0.3691
61376 0.4418
8100 19
10556 0.0831
10557 0.0971
10558 0.1183
10559 0.1353
10560 0.1592
10561 0.1816
10562 0.2010
10563 0.2244
10564 0.2483
10565 0.2795
10566 0.3052
10567 0.3351
10568 0.3716
10569 0.4217
10570 0.4642
61378 0.3604
61379 0.3193
61377 0.3691
61376 0.4418
8400 19
10556 0.0831
10557 0.0971
10558 0.1183
10559 0.1353
10560 0.1592
10561 0.1816
10562 0.2010
10563 0.2244
10564 0.2483
10565 0.2795
10566 0.3052
10567 0.3351
10568 0.3716
10569 0.4217
10570 0.4642
61378 0.3604
61379 0.3193
61377 0.3691
61376 0.4418
8700 19
10556 0.0831
10557 0.0971
10558 0.1183
10559 0.1353
10560 0.1592
10561 0.1816
10562 0.2010
10563 0.2244
10564 0.2483
10565 0.2795
10566 0.3052
10567 0.3351
10568 0.3716
10569 0.4217
10570 0.4642
61378 0.3604
61379 0.3193
61377 0.3691
61376 0.4418
9000 19
10556 0.0831
10557 0.0971
10558 0.1183
10559 0.1353
10560 0.1592
10561 0.1816
10562 0.2010
10563 0.2244
10564 0.2483
10565 0.2795
10566 0.3052
10567 0.3351
10568 0.3716
10569 0.4217
10570 0.4642
61378 0.3604
61379 0.3193
61377 0.3691
61376 0.4418
9300 19
10556 0.0831
10557 0.0971
10558 0.1183
10559 0.1353
10560 0.1592
10561 0.1816
10562 0.2010
10563 0.2244
10564 0.2483
10565 0.2795
10566 0.3052
10567 0.3351
10568 0.3716
10569 0.4217
10570 0.4642
61378 0.3604
61379 0.3193
61377 0.3691
61376 0.4418
9600 19
10556 0.0831
10557 0.0971
10558 0.1183
10559 0.1353
10560 0.1592
10561 0.1816
10562 0.2010
10563 0.2244
10564 0.2483
10565 0.2795
10566 0.3052
10567 0.3351
10568 0.3716
10569 0.4217
10570 0.4642
61378 0.3604
61379 0.3193
61377 0.3691
61376 0.4418
9900 19
10556 0.0831
10557 0.0971
10558 0.1183
10559 0.1353
10560 0.1592
10561 0.1816
10562 0.2010
10563 0.2244
10564 0.2483
10565 0.2795
10566 0.3052
10567 0.3351
10568 0.3716
10569 0.4217
10570 0.4642
61378 0.3604
61379 0.3193
61377 0.3691
61376 0.4418
10200 19
10556 0.0831
10557 0.0971
10558 0.1183
10559 0.1353
10560 0.1592
10561 0.1816
10562 0.2010
10563 0.2244
10564 0.2483
10565 0.2795
10566 0.3052
10567 0.3351
10568 0.3716
10569 0.4217
10570 0.4642
61378 0.3604
61379 0.3193
61377 0.3691
61376 0.4418
10500 19
10556 0.0831
10557 0.0971
10558 0.1183
10559 0.1353
10560 0.1592
10561 0.1816
10562 0.2010
10563 0.2244
10564 0.2483
10565 0.2795
10566 0.3052
10567 0.3351
10568 0.3716
10569 0.4217
10570 0.4642
61378 0.3604
61379 0.3193
61377 0.3691
61376 0.4418
10800 19
10556 0.0831
10557 0.0971
10558 0.1183
10559 0.1353
10560 0.1592
10561 0.1816
10562 0.2010
10563 0.2244
10564 0.2483
10565 0.2795
10566 0.3052
10567 0.3351
10568 0.3716
10569 0.4217
10570 0.4642
61378 0.3604
61379 0.3193
61377 0.3691
61376 0.4418
11100 19
10556 0.0831
10557 0.0971
10558 0.1183
10559 0.1353
10560 0.1592
10561 0.1816
10562 0.2010
10563 0.2244
10564 0.2483
10565 0.2795
10566 0.3052
10567 0.3351
10568 0.3716
10569 0.4217
10570 0.4642
61378 0.3604
61379 0.3193
61377 0.3691
61376 0.4418
11400 19
10556 0.0831
10557 0.0971
10558 0.1183
10559 0.1353
10560 0.1592
10561 0.1816
10562 0.2010
10563 0.2244
10564 0.2483
10565 0.2795
10566 0.3052
10567 0.3351
10568 0.3716
10569 0.4217
10570 0.4642
61378 0.3604
61379 0.3193
61377 0.3691
61376 0.4418
11700 19
10556 0.0831
10557 0.0971
10558 0.1183
10559 0.1353
10560 0.1592
10561 0.1816
10562 0.2010
10563 0.2244
10564 0.2483
10565 0.2795
10566 0.3052
10567 0.3351
10568 0.3716
10569 0.4217
10570 0.4642
61378 0.3604
61379 0.3193
61377 0.3691
61376 0.4418
12000 19
10556 0.0831
10557 0.0971
10558 0.1183
10559 0.1353
10560 0.1592
10561 0.1816
10562 0.2010
10563 0.2244
10564 0.2483
10565 0.2795
10566 0.3052
10567 0.3351
10568 0.3716
10569 0.4217
10570 0.4642
61378 0.3604
61379 0.3193
61377 0.3691
61376 0.4418
12300 19
10556 0.0831
10557 0.0971
10558 0.1183
10559 0.1353
10560 0.1592
10561 0.1816
10562 0.2010
10563 0.2244
10564 0.2483
10565 0.2795
10566 0.3052
10567 0.3351
10568 0.3716
10569 0.4217
10570 0.4642
61378 0.3604
61379 0.3193
61377 0.3691
61376 0.4418
12600 19
10556 0.0831
10557 0.0971
10558 0.1183
10559 0.1353
10560 0.1592
10561 0.1816
10562 0.2010
10563 0.2244
10564 0.2483
10565 0.2795
10566 0.3052
10567 0.3351
10568 0.3716
10569 0.4217
10570 0.4642
61378 0.3604
61379 0.3193
61377 0.3691
61376 0.4418
12900 19
10556 0.0831
10557 0.0971
10558 0.1183
10559 0.1353
10560 0.1592
10561 0.1816
10562 0.2010
10563 0.2244
10564 0.2483
10565 0.2795
10566 0.3052
10567 0.3351
10568 0.3716
10569 0.4217
10570 0.4642
61378 0.3604
61379 0.3193
61377 0.3691
61376 0.4418
13200 19
10556 0.0831
10557 0.0971
10558 0.1183
10559 0.1353
10560 0.1592
10561 0.1816
10562 0.2010
10563 0.2244
10564 0.2483
10565 0.2795
10566 0.3052
10567 0.3351
10568 0.3716
10569 0.4217
10570 0.4642
61378 0.3604
61379 0.3193
61377 0.3691
61376 0.4418
13500 19
10556 0.0831
10557 0.0971
10558 0.1183
10559 0.1353
10560 0.1592
10561 0.1816
10562 0.2010
10563 0.2244
10564 0.2483
10565 0.2795
10566 0.3052
10567 0.3351
10568 0.3716
10569 0.4217
10570 0.4642
61378 0.3604
61379 0.3193
61377 0.3691
61376 0.4418
13800 19
10556 0.0831
10557 0.0971
10558 0.1183
10559 0.1353
10560 0.1592
10561 0.1816
10562 0.2010
10563 0.2244
10564 0.2483
10565 0.2795
10566 0.3052
10567 0.3351
10568 0.3716
10569 0.4217
10570 0.4642
61378 0.3604
61379 0.3193
61377 0.3691
61376 0.4418
14100 19
10556 0.0831
10557 0.0971
10558 0.1183
10559 0.1353
10560 0.1592
10561 0.1816
10562 0.2010
10563 0.2244
10564 0.2483
10565 0.2795
10566 0.3052
10567 0.3351
10568 0.3716
10569 0.4217
10570 0.4642
61378 0.3604
61379 0.3193
61377 0.3691
61376 0.4418
14400 19
10556 0.0831
10557 0.0971
10558 0.1183
10559 0.1353
10560 0.1592
10561 0.1816
10562 0.2010
10563 0.2244
10564 0.2483
10565 0.2795
10566 0.3052
10567 0.3351
10568 0.3716
10569 0.4217
10570 0.4642
61378 0.3604
61379 0.3193
61377 0.3691
61376 0.4418
14700 19
10556 0.0831
10557 0.0971
10558 0.1183
10559 0.1353
10560 0.1592
10561 0.1816
10562 0.2010
10563 0.2244
10564 0.2483
10565 0.2795
10566 0.3052
10567 0.3351
10568 0.3716
10569 0.4217
10570 0.4642
61378 0.3604
61379 0.3193
61377 0.3691
61376 0.4418
15000 19
10556 0.0831
10557 0.0971
10558 0.1183
10559 0.1353
10560 0.1592
10561 0.1816
10562 0.2010
10563 0.2244
10564 0.2483
10565 0.2795
10566 0.3052
10567 0.3351
10568 0.3716
10569 0.4217
10570 0.4642
61378 0.3604
61379 0.3193
61377 0.3691
61376 0.4418
15300 19
10556 0.0831
10557 0.0971
10558 0.1183
10559 0.1353
10560 0.1592
10561 0.1816
10562 0.2010
10563 0.2244
10564 0.2483
10565 0.2795
10566 0.3052
10567 0.3351
10568 0.3716
10569 0.4217
10570 0.4642
61378 0.3604
61379 0.3193
61377 0.3691
61376 0.4418
15600 19
10556 0.0831
10557 0.0971
10558 0.1183
10559 0.1353
10560 0.1592
10561 0.1816
10562 0.2010
10563 0.2244
10564 0.2483
10565 0.2795
10566 0.3052
10567 0.3351
10568 0.3716
10569 0.4217
10570 0.4642
61378 0.3604
61379 0.3193
61377 0.3691
61376 0.4418
15900 19
10556 0.0831
10557 0.0971
10558 0.1183
10559 0.1353
10560 0.1592
10561 0.1816
10562 0.2010
10563 0.2244
10564 0.2483
10565 0.2795
10566 0.3052
10567 0.3351
10568 0.3716
10569 0.4217
10570 0.4642
61378 0.3604
61379 0.3193
61377 0.3691
61376 0.4418
16200 19
10556 0.0831
10557 0.0971
10558 0.1183
10559 0.1353
10560 0.1592
10561 0.1816
10562 0.2010
10563 0.2244
10564 0.2483
10565 0.2795
10566 0.3052
10567 0.3351
10568 0.3716
10569 0.4217
10570 0.4642
61378 0.3604
61379 0.3193
61377 0.3691
61376 0.4418
16500 19
10556 0.0831
10557 0.0971
10558 0.1183
10559 0.1353
10560 0.1592
10561 0.1816
10562 0.2010
10563 0.2244
10564 0.2483
10565 0.2795
10566 0.3052
10567 0.3351
10568 0.3716
10569 0.4217
10570 0.4642
61378 0.3604
61379 0.3193
61377 0.3691
61376 0.4418
16800 19
10556 0.0831
10557 0.0971
10558 0.1183
10559 0.1353
10560 0.1592
10561 0.1816
10562 0.2010
10563 0.2244
10564 0.2483
10565 0.2795
10566 0.3052
10567 0.3351
10568 0.3716
10569 0.4217
10570 0.4642
61378 0.3604
61379 0.3193
61377 0.3691
61376 0.4418
17100 19
10556 0.0831
10557 0.0971
10558 0.1183
10559 0.1353
10560 0.1592
10561 0.1816
10562 0.2010
10563 0.2244
10564 0.2483
10565 0.2795
10566 0.3052
10567 0.3351
10568 0.3716
10569 0.4217
10570 0.4642
61378 0.3604
61379 0.3193
61377 0.3691
61376 0.4418
17400 19
10556 0.0831
10557 0.0971
10558 0.1183
10559 0.1353
10560 0.1592
10561 0.1816
10562 0.2010
10563 0.2244
10564 0.2483
10565 0.2795
10566 0.3052
10567 0.3351
10568 0.3716
10569 0.4217
10570 0.4642
61378 0.3604
61379 0.3193
61377 0.3691
61376 0.4418
17700 19
10556 0.0831
10557 0.0971
10558 0.1183
10559 0.1353
10560 0.1592
10561 0.1816
10562 0.2010
10563 0.2244
10564 0.2483
10565 0.2795
10566 0.3052
10567 0.3351
10568 0.3716
10569 0.4217
10570 0.4642
61378 0.3604
61379 0.3193
61377 0.3691
61376 0.4418
18000 19
10556 0.0831
10557 0.0971
10558 0.1183
10559 0.1353
10560 0.1592
10561 0.1816
10562 0.2010
10563 0.2244
10564 0.2483
10565 0.2795
10566 0.3052
10567 0.3351
10568 0.3716
10569 0.4217
10570 0.4642
61378 0.3604
61379 0.3193
61377 0.3691
61376 0.4418
18300 19
10556 0.0831
10557 0.0971
10558 0.1183
10559 0.1353
10560 0.1592
10561 0.1816
10562 0.2010
10563 0.2244
10564 0.2483
10565 0.2795
10566 0.3052
10567 0.3351
10568 0.3716
10569 0.4217
10570 0.4642
61378 0.3604
61379 0.3193
61377 0.3691
61376 0.4418
18600 19
10556 0.0831
10557 0.0971
10558 0.1183
10559 0.1353
10560 0.1592
10561 0.1816
10562 0.2010
10563 0.2244
10564 0.2483
10565 0.2795
10566 0.3052
10567 0.3351
10568 0.3716
10569 0.4217
10570 0.4642
61378 0.3604
61379 0.3193
61377 0.3691
61376 0.4418
18900 19
10556 0.0831
10557 0.0971
10558 0.1183
10559 0.1353
10560 0.1592
10561 0.1816
10562 0.2010
10563 0.2244
10564 0.2483
10565 0.2795
10566 0.3052
10567 0.3351
10568 0.3716
10569 0.4217
10570 0.4642
61378 0.3604
61379 0.3193
61377 0.3691
61376 0.4418
19200 19
10556 0.0831
10557 0.0971
10558 0.1183
10559 0.1353
10560 0.1592
10561 0.1816
10562 0.2010
10563 0.2244
10564 0.2483
10565 0.2795
10566 0.3052
10567 0.3351
10568 0.3716
10569 0.4217
10570 0.4642
61378 0.3604
61379 0.3193
61377 0.3691
61376 0.4418
19500 19
10556 0.0831
10557 0.0971
10558 0.1183
10559 0.1353
10560 0.1592
10561 0.1816
10562 0.2010
10563 0.2244
10564 0.2483
10565 0.2795
10566 0.3052
10567 0.3351
10568 0.3716
10569 0.4217
10570 0.4642
61378 0.3604
61379 0.3193
61377 0.3691
61376 0.4418
19800 19
10556 0.0831
10557 0.0971
10558 0.1183
10559 0.1353
10560 0.1592
10561 0.1816
10562 0.2010
10563 0.2244
10564 0.2483
10565 0.2795
10566 0.3052
10567 0.3351
10568 0.3716
10569 0.4217
10570 0.4642
61378 0.3604
61379 0.3193
61377 0.3691
61376 0.4418
20100 19
10556 0.0831
10557 0.0971
10558 0.1183
10559 0.1353
10560 0.1592
10561 0.1816
10562 0.2010
10563 0.2244
10564 0.2483
10565 0.2795
10566 0.3052
10567 0.3351
10568 0.3716
10569 0.4217
10570 0.4642
61378 0.3604
61379 0.3193
61377 0.3691
61376 0.4418
20400 19
10556 0.0831
10557 0.0971
10558 0.1183
10559 0.1353
10560 0.1592
10561 0.1816
10562 0.2010
10563 0.2244
10564 0.2483
10565 0.2795
10566 0.3052
10567 0.3351
10568 0.3716
10569 0.4217
10570 0.4642
61378 0.3604
61379 0.3193
61377 0.3691
61376 0.4418
20700 19
10556 0.0831
10557 0.0971
10558 0.1183
10559 0.1353
10560 0.1592
10561 0.1816
10562 0.2010
10563 0.2244
10564 0.2483
10565 0.2795
10566 0.3052
10567 0.3351
10568 0.3716
10569 0.4217
10570 0.4642
61378 0.3604
61379 0.3193
61377 0.3691
61376 0.4418
21000 19
10556 0.0831
10557 0.0971
10558 0.1183
10559 0.1353
10560 0.1592
10561 0.1816
10562 0.2010
10563 0.2244
10564 0.2483
10565 0.2795
10566 0.3052
10567 0.3351
10568 0.3716
10569 0.4217
10570 0.4642
61378 0.3604
61379 0.3193
61377 0.3691
61376 0.4418
21300 19
10556 0.0831
10557 0.0971
10558 0.1183
10559 0.1353
10560 0.1592
10561 0.1816
10562 0.2010
10563 0.2244
10564 0.2483
10565 0.2795
10566 0.3052
10567 0.3351
10568 0.3716
10569 0.4217
10570 0.4642
61378 0.3604
61379 0.3193
61377 0.3691
61376 0.4418
